tau = [1 0 0; 0 1 0; bj aj 1];

kij = [...
  6.6000e+003            0            0 -6.6000e+003            0            0
            0  2.6400e+000  1.3200e-004            0 -2.6400e+000  1.3200e-004
            0  1.3200e-004  8.8000e-009            0 -1.3200e-004  4.4000e-009
 -6.6000e+003            0            0  6.6000e+003            0            0
            0 -2.6400e+000 -1.3200e-004            0  2.6400e+000 -1.3200e-004
            0  1.3200e-004  4.4000e-009            0 -1.3200e-004  8.8000e-009 ];
         
         