p_levatation1 = [

  -2.2800 - 1.7800i
  -4.2800 - 1.7800i
  -4.2800 - 0.5800i
      Inf
   0.1200 - 2.9800i
   0.1200 - 1.5800i
  -1.0800 - 1.5800i
  -1.0800 + 0.8200i
   1.1200 + 0.8200i
   1.1200 - 1.5800i
   0.1200 - 1.5800i
   0.1200 - 2.9800i
      Inf
   4.3200 - 0.7800i
   4.3200 - 1.7800i
   2.3200 - 1.7800i
   2.3200 + 0.6200i
   4.3200 + 0.6200i
   4.3200 - 0.5800i
      Inf
  -4.2800 - 0.3800i
  -4.2800 + 0.6200i
  -2.2800 + 0.6200i
]