   output=R*(Klin*(R'*q(1:12,1)))

output =
   -1.836970198721030e-019
   -2.999999999999998e-003
                         0
                         0
                         0
   -1.500000000000000e-007
    1.836970198721030e-019
    2.999999999999998e-003
                         0
                         0
                         0
                         0
output =
   -1.836970198721030e-019
   -2.999999999999996e-003
                         0
                         0
                         0
                         0
    1.836970198721030e-019
    2.999999999999996e-003
                         0
                         0
                         0
   -1.500000000000001e-007
output =
    1.836970198721030e-019
    2.999999999999996e-003
                         0
                         0
                         0
    1.500000000000001e-007
   -1.836970198721030e-019
   -2.999999999999996e-003
                         0
                         0
                         0
                         0
output =
    1.836970198721030e-019
    2.999999999999998e-003
                         0
                         0
                         0
                         0
   -1.836970198721030e-019
   -2.999999999999998e-003
                         0
                         0
                         0
    1.500000000000000e-007