far right seg1	2x2x40 v=1, seq2 v=80	
FF_X =
-0.1579
FF_Y =
0.4644

FF_X =
   -0.1572
FF_Y =
    0.4643


next to far right        
FF_X =
1.0496e-004
FF_Y =
0.3958

middle    
FF_X =
-2.3161e-015
FF_Y =
0.3959

far left    
FF_X =
0.1579
FF_Y =
0.4644
